function [KE] = lk_H8_1(nu)
KE(1,:) = [ 85072378212660950792463830221188365989/(459381195343266885432138848828129280000*(nu + 1)) - 368934881474191/(332041393326771929088*(2*nu - 1)), -368934881474191/(295147905179352825856*(2*nu - 1)*(nu + 1)), -1/(2400*(2*nu - 1)*(nu + 1)), 85069315671358662346829238741337543489/(918762390686533770864277697656258560000*(nu + 1)) + 368934881474191/(332041393326771929088*(2*nu - 1)), - 1844674407370955/(885443715538058477568*(nu + 1)) - 368934881474191/(442721857769029238784*(2*nu - 1)), - 1/(1440*(nu + 1)) - 1/(3600*(2*nu - 1)), 42533509382690973006301647565724713307/(918762390686533770864277697656258560000*(nu + 1)) + 368934881474191/(664082786653543858176*(2*nu - 1)), 368934881474191/(295147905179352825856*(2*nu - 1)*(nu + 1)), - 1/(2880*(nu + 1)) - 1/(7200*(2*nu - 1)), 42535040653342117229118943305650124557/(459381195343266885432138848828129280000*(nu + 1)) - 368934881474191/(664082786653543858176*(2*nu - 1)), 1844674407370955/(885443715538058477568*(nu + 1)) + 368934881474191/(442721857769029238784*(2*nu - 1)), -1/(4800*(2*nu - 1)*(nu + 1)), - 170139396978042896805067125352637792603/(918762390686533770864277697656258560000*(nu + 1)) - 368934881474191/(664082786653543858176*(2*nu - 1)), -368934881474191/(590295810358705651712*(2*nu - 1)*(nu + 1)), 1/(1440*(nu + 1)) + 1/(3600*(2*nu - 1)), 368934881474191/(664082786653543858176*(2*nu - 1)) - 170142459519345185250701716832488615103/(1837524781373067541728555395312517120000*(nu + 1)), - 1844674407370955/(1770887431076116955136*(nu + 1)) - 368934881474191/(885443715538058477568*(2*nu - 1)), 1/(2400*(2*nu - 1)*(nu + 1)), 368934881474191/(1328165573307087716352*(2*nu - 1)) - 85072378212660950792463830221188365989/(1837524781373067541728555395312517120000*(nu + 1)), 368934881474191/(590295810358705651712*(2*nu - 1)*(nu + 1)), 1/(4800*(2*nu - 1)*(nu + 1)), - 85070846942009806569646534481262954739/(918762390686533770864277697656258560000*(nu + 1)) - 368934881474191/(1328165573307087716352*(2*nu - 1)), 1844674407370955/(1770887431076116955136*(nu + 1)) + 368934881474191/(885443715538058477568*(2*nu - 1)), 1/(2880*(nu + 1)) + 1/(7200*(2*nu - 1))];
KE(2,:) = [ -368934881474191/(295147905179352825856*(2*nu - 1)*(nu + 1)), 85072378212660950792463830221188365989/(459381195343266885432138848828129280000*(nu + 1)) - 368934881474191/(332041393326771929088*(2*nu - 1)), -1/(2400*(2*nu - 1)*(nu + 1)), 1844674407370955/(885443715538058477568*(nu + 1)) + 368934881474191/(442721857769029238784*(2*nu - 1)), 42535040653342117229118943305650124557/(459381195343266885432138848828129280000*(nu + 1)) - 368934881474191/(664082786653543858176*(2*nu - 1)), -1/(4800*(2*nu - 1)*(nu + 1)), 368934881474191/(295147905179352825856*(2*nu - 1)*(nu + 1)), 42533509382690973006301647565724713307/(918762390686533770864277697656258560000*(nu + 1)) + 368934881474191/(664082786653543858176*(2*nu - 1)), - 1/(2880*(nu + 1)) - 1/(7200*(2*nu - 1)), - 1844674407370955/(885443715538058477568*(nu + 1)) - 368934881474191/(442721857769029238784*(2*nu - 1)), 85069315671358662346829238741337543489/(918762390686533770864277697656258560000*(nu + 1)) + 368934881474191/(332041393326771929088*(2*nu - 1)), - 1/(1440*(nu + 1)) - 1/(3600*(2*nu - 1)), -368934881474191/(590295810358705651712*(2*nu - 1)*(nu + 1)), - 170139396978042896805067125352637792603/(918762390686533770864277697656258560000*(nu + 1)) - 368934881474191/(664082786653543858176*(2*nu - 1)), 1/(1440*(nu + 1)) + 1/(3600*(2*nu - 1)), 1844674407370955/(1770887431076116955136*(nu + 1)) + 368934881474191/(885443715538058477568*(2*nu - 1)), - 85070846942009806569646534481262954739/(918762390686533770864277697656258560000*(nu + 1)) - 368934881474191/(1328165573307087716352*(2*nu - 1)), 1/(2880*(nu + 1)) + 1/(7200*(2*nu - 1)), 368934881474191/(590295810358705651712*(2*nu - 1)*(nu + 1)), 368934881474191/(1328165573307087716352*(2*nu - 1)) - 85072378212660950792463830221188365989/(1837524781373067541728555395312517120000*(nu + 1)), 1/(4800*(2*nu - 1)*(nu + 1)), - 1844674407370955/(1770887431076116955136*(nu + 1)) - 368934881474191/(885443715538058477568*(2*nu - 1)), 368934881474191/(664082786653543858176*(2*nu - 1)) - 170142459519345185250701716832488615103/(1837524781373067541728555395312517120000*(nu + 1)), 1/(2400*(2*nu - 1)*(nu + 1))];
KE(3,:) = [ -1/(2400*(2*nu - 1)*(nu + 1)), -1/(2400*(2*nu - 1)*(nu + 1)), 170143480366445948065913247325772222603/(689071793014900328148208273242193920000*(nu + 1)) - 2305843009213693952/(18677328374630919375*(2*nu - 1)), 1/(1440*(nu + 1)) + 1/(3600*(2*nu - 1)), -1/(4800*(2*nu - 1)*(nu + 1)), 340280070014961747129148663821880094581/(2756287172059601312592833092968775680000*(nu + 1)) - 1152921504606846976/(18677328374630919375*(2*nu - 1)), 1/(2880*(nu + 1)) + 1/(7200*(2*nu - 1)), 1/(2880*(nu + 1)) + 1/(7200*(2*nu - 1)), 85068294824257899531617708248053935989/(1378143586029800656296416546484387840000*(nu + 1)) - 576460752303423488/(18677328374630919375*(2*nu - 1)), -1/(4800*(2*nu - 1)*(nu + 1)), 1/(1440*(nu + 1)) + 1/(3600*(2*nu - 1)), 340280070014961747129148663821880094581/(2756287172059601312592833092968775680000*(nu + 1)) - 1152921504606846976/(18677328374630919375*(2*nu - 1)), - 1/(1440*(nu + 1)) - 1/(3600*(2*nu - 1)), - 1/(1440*(nu + 1)) - 1/(3600*(2*nu - 1)), 2305843009213693952/(18677328374630919375*(2*nu - 1)) - 340280070014961747129148663821880094581/(1378143586029800656296416546484387840000*(nu + 1)), 1/(2400*(2*nu - 1)*(nu + 1)), - 1/(2880*(nu + 1)) - 1/(7200*(2*nu - 1)), 1152921504606846976/(18677328374630919375*(2*nu - 1)) - 680567030747853643260975158473424539787/(5512574344119202625185666185937551360000*(nu + 1)), 1/(4800*(2*nu - 1)*(nu + 1)), 1/(4800*(2*nu - 1)*(nu + 1)), 576460752303423488/(18677328374630919375*(2*nu - 1)) - 170143480366445948065913247325772222603/(2756287172059601312592833092968775680000*(nu + 1)), - 1/(2880*(nu + 1)) - 1/(7200*(2*nu - 1)), 1/(2400*(2*nu - 1)*(nu + 1)), 1152921504606846976/(18677328374630919375*(2*nu - 1)) - 680567030747853643260975158473424539787/(5512574344119202625185666185937551360000*(nu + 1))];
